C_v____0=-0.1;
C_v____1=-0.125;
C_u____0=-25.125;
C_u__m1__1=25.0714285714;
C_v__m2__0=0.0714285714285;
C_v__m2__1=0.0625;
C_u__m1__0=0.2;
C_u____1=-0.125;
