C_P____1=0.390625;
C_P__m2__1=1.171875;
C_P__m5__0=-37.5;
C_P__m2_m5__0=-37.5;
C_BC__m4__0=-37.4591503268;
C_BC__m4__1=-25.;
C_BC__m1_m4__0=0.290697674419;
C_P__m2_m5__1=-25.;
C_R____0=-25.0816993464;
C_R__m3__1=25.0816993464;
C_R____1=-0.409836065574;
C_R__m3__0=0.409836065574;
C_BC____0=-25.2049180328;
C_BC__m1__0=-25.;
C_BC__m1_m4__1=25.2049180328;
C_P____0=25.;
C_BC__m1__1=-0.000359943429412;
C_P__m5__1=-0.16339869281;
C_P__m2__0=0.16339869281;
C_BC____1=-0.290057309945;
