pi(u) = 2.94494533072e-13
pi(v) = 0.999999999999
